kinematics:
  shoulder:
    x: 0
    y: 0
    z: 0.08926466668442085
    roll: -0
    pitch: 0
    yaw: -2.365035510390814e-05
  upper_arm:
    x: 8.806385206328312e-05
    y: 0
    z: 0
    roll: 1.571184149968246
    pitch: 0
    yaw: 0.0002916360940085032
  forearm:
    x: -0.4252878842215647
    y: 0
    z: 0
    roll: 0.0002482960146736955
    pitch: 0.001536264027904251
    yaw: 1.440400441869384e-05
  wrist_1:
    x: -0.3917914392867149
    y: -0.00141411591728907
    z: 0.1108883379737456
    roll: 0.01275192046165372
    pitch: 0.001382249617172468
    yaw: -0.0001937671660117227
  wrist_2:
    x: 1.367641353687877e-05
    y: -0.09487406529188343
    z: 6.297124759081893e-05
    roll: 1.570132591788392
    pitch: 0
    yaw: -0.0002022259704481128
  wrist_3:
    x: 6.91673446742486e-05
    y: 0.08243801219914351
    z: 6.991912033163115e-05
    roll: 1.571644468346362
    pitch: 3.141592653589793
    yaw: 3.141554326318027
  hash: calib_2384145577468032435