kinematics:
  shoulder:
    x: 0
    y: 0
    z: 0.08930550619588437
    roll: -0
    pitch: 0
    yaw: 3.112136468659977e-05
  upper_arm:
    x: 5.383932384024152e-05
    y: 0
    z: 0
    roll: 1.570765449429461
    pitch: 0
    yaw: 2.998489017501842e-05
  forearm:
    x: -0.4252929957387768
    y: 0
    z: 0
    roll: 3.140813490125675
    pitch: 3.14060040247862
    yaw: 3.141495763052788
  wrist_1:
    x: -0.3919493366632913
    y: -0.001524368538735334
    z: 0.110496502128078
    roll: 0.01379475200411217
    pitch: 0.001215208822417934
    yaw: -8.576961977572128e-05
  wrist_2:
    x: -0.0001081924017169428
    y: -0.09491613880354406
    z: 8.464942344109041e-05
    roll: 1.569904493202995
    pitch: 0
    yaw: -5.118073542250984e-05
  wrist_3:
    x: 9.191460226669821e-05
    y: 0.08259318653060239
    z: 4.083267403420024e-05
    roll: 1.57129070983571
    pitch: 3.141592653589793
    yaw: 3.141477716651704
  hash: calib_10156035142547005679